# 1
215, Larry Tewksbury, 7.6, 2
104, 74
102, 74
# 1
232, Melissa Johnston, 7.8, 0
# 1
247, Janet Clark, 8.3, 2
102, 67
105, 75
# 1
258, Leanora Cope, 8.5, 3
104, 75
103, 62
102, 85
# 1
286, Elvin Mcwilliams, 8.2, 0
# 1
360, Thomas Fontaine, 9.5, 2
103, 100
105, 99
# 2
286, 9.4
# 4
247, 105, 89
# 5
360, 103
# 3
258, 105, 75
# 1
144, Ethel Wilcox, 8.0, 3
105, 68
102, 79
104, 73
# 1
161, Elvin Fellers, 9.8, 2
103, 88
102, 70
# 1
276, Rebecca Smith, 9.4, 3
104, 67
103, 71
101, 86
# 1
208, Herman Flores, 8.7, 1
105, 77
# 1
169, Stephen Fortin, 7.8, 3
102, 81
105, 73
103, 67
# 4
169, 102, 98
# 5
169, 103
# 2
144, 9.5
# 3
208, 103, 78
# 1
221, John Wilson, 8.3, 2
105, 92
102, 60
# 1
306, Cliff Meyers, 7.7, 3
101, 75
103, 66
102, 98
# 1
136, Regina Martin, 7.1, 1
103, 62
# 1
288, James Gage, 7.8, 1
104, 72
# 1
353, Charles Paquette, 9.2, 1
101, 85
# 3
247, 104, 89
# 2
144, 8.3
# 4
288, 104, 94
# 5
360, 105
# 1
275, Edward Sirois, 7.2, 3
105, 89
104, 85
101, 78
# 1
105, Rebecca Wilkins, 8.6, 2
101, 97
102, 78
# 1
347, Michael Risley, 8.3, 1
102, 90
# 1
241, Azucena Newby, 8.4, 1
105, 98
# 1
269, Nicholas Clayton, 7.7, 1
104, 81
# 5
136, 103
# 4
144, 105, 80
# 3
136, 101, 72
# 2
347, 7.2
# 1
129, Nadine Abadie, 8.8, 3
104, 83
103, 74
102, 81
# 1
370, Josephine Carmack, 7.1, 0
# 1
117, Timothy Schultz, 8.7, 2
104, 68
102, 90
# 1
309, Paul Pena, 7.7, 1
104, 86
# 1
224, Beatrice Shade, 7.6, 3
102, 77
103, 98
104, 100
# 4
241, 105, 61
# 3
247, 103, 75
# 2
161, 9.6
# 1
227, Abel Szocki, 9.4, 3
101, 92
105, 71
104, 64
# 1
263, Janet Rojas, 8.2, 0
# 1
223, Rachel Stone, 9.2, 2
103, 80
102, 89
# 1
205, Jose Justus, 8.6, 2
102, 76
101, 74
# 1
350, Timothy Washington, 8.2, 1
105, 91
# 5
144, 102
# 4
276, 104, 89
# 3
306, 105, 65
# 2
353, 8.0
# 1
389, Alethea Wilson, 9.1, 0
# 1
107, James Kubinski, 7.8, 3
102, 67
103, 97
105, 98
# 1
310, Kimberly Redenz, 9.5, 0
# 1
272, Norman Hodges, 7.9, 1
105, 81
# 1
273, Betty Contreras, 7.4, 0
# 3
309, 105, 61
# 2
129, 9.4
# 5
269, 104
# 1
363, Michael Monachino, 7.3, 0
# 1
199, Audrey Hicks, 8.8, 3
102, 71
104, 72
103, 65
# 1
125, Stephen Davidson, 9.0, 3
103, 81
101, 83
102, 61
# 1
299, Michael Kohl, 8.3, 2
102, 96
103, 68
# 1
219, Shawn Lang, 7.2, 2
105, 63
103, 87
# 3
205, 105, 68
# 4
350, 105, 60
# 2
144, 9.0
# 1
133, Mafalda Gean, 8.5, 3
105, 70
101, 68
102, 99
# 1
266, Joe Slaton, 9.6, 1
102, 79
# 1
307, Micah Nunn, 9.1, 2
102, 94
105, 88
# 1
345, Elizabeth Pease, 7.3, 3
101, 69
104, 90
105, 94
# 1
151, Sean Gutierrez, 9.5, 3
101, 89
102, 77
103, 84
# 3
219, 104, 68
# 2
266, 8.4
# 4
169, 105, 69
# 5
144, 104
# 1
222, Mary Howard, 8.0, 0
# 1
371, Dwight Hinojosa, 8.4, 0
# 1
336, Louis James, 7.4, 2
101, 94
104, 85
# 1
177, Anne Weathers, 9.5, 1
101, 71
# 1
198, Derrick Sparks, 7.8, 2
103, 78
101, 76
# 2
263, 7.3
# 4
227, 101, 84
# 3
347, 101, 89
# 1
289, Lisa Ronzoni, 7.6, 1
105, 60
# 1
380, Carrie Pies, 8.9, 1
101, 77
# 1
164, Lori Carpenter, 7.4, 1
104, 67
# 1
142, Shawnda Chapman, 8.4, 0
# 1
213, Marsha Montoya, 9.7, 1
101, 82
# 2
125, 8.7
# 4
288, 104, 87
# 3
125, 105, 92
# 5
125, 103
# 1
139, Guy Nava, 8.8, 0
# 1
175, Douglas Gildea, 8.5, 2
103, 84
102, 93
# 1
383, Aaron Cummins, 9.3, 1
102, 62
# 1
217, Joseph Tooks, 7.4, 0
# 1
260, Alice Mullins, 8.9, 3
105, 67
101, 99
102, 80
# 5
299, 102
# 3
139, 104, 74
# 2
383, 9.4
# 4
136, 101, 68
# 1
305, Sherrie Toan, 8.7, 0
# 1
114, Carmen Ziminski, 8.4, 1
102, 88
# 1
192, Harold Spencer, 8.9, 3
102, 86
105, 88
104, 81
# 1
214, Heather Vanluven, 8.6, 1
104, 85
# 1
321, Ramona Howard, 9.5, 0
# 3
169, 103, 76
# 5
266, 102
# 2
288, 8.2
# 4
276, 103, 72
# 1
358, William Douglas, 9.5, 0
# 1
108, Justin Mckie, 8.8, 0
# 1
277, Deborah Lorentz, 7.1, 2
104, 61
102, 76
# 1
282, David Roughton, 9.4, 0
# 1
268, Vern Higgins, 9.6, 2
102, 84
101, 81
# 3
129, 105, 74
# 2
345, 7.6
# 1
195, Oma Yager, 9.3, 0
# 1
400, Donna Johnson, 7.8, 1
104, 94
# 1
314, Henrietta Jones, 8.8, 0
# 1
362, Leon Olson, 7.8, 3
102, 61
103, 92
101, 73
# 1
368, Germaine Smith, 9.3, 2
104, 70
105, 64
# 2
133, 7.6
# 5
151, 102
# 4
383, 102, 94
# 3
260, 103, 96
# 1
379, Tommy Marx, 8.9, 3
102, 85
101, 64
103, 99
# 1
301, Glenda Bayerl, 8.4, 3
104, 62
103, 85
102, 67
# 1
163, Sarah Powell, 9.7, 0
# 1
134, Danielle Nelson, 9.2, 1
105, 83
# 1
340, Tina Deloria, 7.2, 1
101, 71
# 4
161, 102, 80
# 2
219, 8.2
# 3
340, 102, 87
# 1
331, Michael Fawcett, 8.4, 3
103, 70
101, 80
104, 61
# 1
218, Pamela Lopez, 8.0, 1
104, 88
# 1
390, Emma Spencer, 8.5, 3
104, 84
103, 75
105, 81
# 1
381, Barbara Reinhardt, 7.6, 1
105, 90
# 1
150, Debra Basey, 8.9, 2
105, 91
102, 65
# 4
151, 103, 70
# 3
175, 101, 72
# 2
161, 8.9
# 1
200, Lisa Miller, 8.8, 0
# 1
157, Rivka Hamlin, 9.7, 2
101, 81
104, 75
# 1
317, Valerie Proctor, 8.2, 1
105, 71
# 1
357, Wm Thompson, 8.4, 1
105, 68
# 1
239, William Corpuz, 7.8, 3
104, 73
102, 68
101, 100
# 2
218, 9.7
# 3
276, 105, 86
# 5
227, 104
# 4
247, 103, 80
# 1
124, Sheryl Tavano, 8.7, 1
102, 76
# 1
375, Roy Polo, 7.8, 0
# 1
146, Jeff Thompson, 7.2, 3
104, 80
101, 67
103, 72
# 1
329, Richard Hodge, 7.4, 0
# 1
149, David Mcdonald, 8.4, 0
# 4
157, 101, 76
# 2
175, 7.3
# 3
282, 105, 77
# 5
288, 104
# 1
122, Sylvia Wiggins, 9.8, 2
104, 66
105, 70
# 1
326, Hugh Hoke, 9.3, 2
104, 67
101, 88
# 1
397, Chloe Schumacher, 8.1, 2
102, 71
105, 73
# 1
267, Sheri Morrison, 7.1, 1
104, 69
# 6
329
# 5
299, 103
# 2
139, 7.4
# 3
151, 104, 83
# 4
199, 103, 79
# 6
157
# 6
268
# 6
195
# 5
383, 102
# 3
224, 105, 75
# 2
164, 7.7
# 6
358
# 6
331
# 6
345
# 2
227, 9.5
# 4
177, 101, 85
# 3
286, 103, 93
# 5
213, 101
# 6
169
# 6
144
# 6
227
# 5
381, 105
# 3
192, 101, 65
# 2
199, 7.7
# 6
317
# 6
224
# 6
282
# 3
353, 102, 71
# 5
400, 104
# 2
223, 8.7
# 6
105
# 6
125
# 6
213
# 5
214, 104
# 2
258, 7.3
# 3
215, 103, 68
# 6
149
# 6
164
# 6
326
# 3
129, 101, 99
# 2
215, 8.5
# 5
219, 103
# 4
247, 102, 68
# 6
277
# 6
275
# 6
214
# 3
310, 104, 86
# 2
142, 8.6
# 4
151, 103, 94
# 5
223, 102
# 6
222
# 6
200
# 6
273
# 5
205, 105
# 4
241, 105, 79
# 3
124, 104, 92
# 2
232, 8.5
# 6
198
# 6
129
# 6
360
# 2
215, 9.4
# 3
306, 104, 83
# 4
124, 102, 65
# 5
368, 105
# 6
289
# 6
117
# 1
259, Giovanni Pisano, 7.7, 0
# 2
247, 8.7
# 3
350, 101, 89
# 5
122, 104
# 1
392, Tonya Wolcott, 8.0, 2
101, 78
105, 69
# 1
385, John Borcherding, 8.3, 0
# 2
357, 7.2
# 5
221, 105
# 3
321, 103, 88
# 1
193, Helen Oleary, 8.3, 2
105, 72
103, 66
# 1
378, Joseph Passarelli, 7.8, 2
105, 90
103, 95
# 4
390, 104, 64
# 2
301, 7.8
# 3
340, 103, 66
# 1
106, Kathryn Long, 8.0, 0
# 1
185, Darnell Salem, 9.0, 3
104, 87
103, 72
105, 74
# 3
307, 101, 80
# 5
336, 101
# 2
357, 9.7
# 1
296, Virginia Bacon, 9.5, 1
104, 92
# 1
167, David Robbins, 7.6, 1
104, 66
# 2
193, 9.6
# 3
217, 103, 67
# 5
185, 105
# 1
123, James Blocker, 7.7, 0
# 1
341, Twila Motl, 9.0, 1
102, 81
# 3
218, 101, 61
# 4
353, 101, 60
# 2
221, 7.2
# 1
352, Elbert Walker, 9.5, 1
101, 99
# 1
162, Richard Lo, 8.5, 2
102, 77
104, 66
# 2
296, 7.9
# 3
192, 103, 72
# 1
270, Shirley Sanders, 7.8, 0
# 1
166, Roger Morris, 8.7, 0
# 3
263, 105, 88
# 2
383, 8.2
# 1
168, Keith Franklin, 7.9, 2
105, 99
103, 98
# 1
137, Harry Munoz, 7.1, 2
105, 98
102, 61
# 3
218, 102, 68
# 2
392, 7.3
# 1
183, Gail Mueller, 8.9, 3
103, 98
105, 77
101, 64
# 1
160, Maxine Rodriguez, 9.4, 3
104, 95
101, 91
103, 68
# 3
160, 105, 72
# 2
336, 7.6
# 4
307, 102, 91
# 5
272, 105
# 1
141, Vincent Thomas, 8.8, 1
105, 81
# 7
200
# 8
300
# 9
250, 300
# 10
8.5
# 11
8
# 12
8.5, 9.5